#Rev: sensefly/geoinfo/3
fileName	latitude	longitude	altitude_wgs84
DSC03644.JPG	35.9918393589	139.1095658047	447.3562927246	
DSC03645.JPG	35.9916858120	139.1091063186	447.8082580566	
DSC03646.JPG	35.9914782898	139.1086449059	448.7094116211	
DSC03647.JPG	35.9913436221	139.1081949907	449.0305175781	
DSC03648.JPG	35.9911537089	139.1077702690	448.1297912598	
DSC03649.JPG	35.9909488735	139.1073134872	446.7212524414	
DSC03650.JPG	35.9907706332	139.1068624025	448.0714721680	
DSC03651.JPG	35.9906216626	139.1063925133	447.7385864258	
DSC03652.JPG	35.9904104501	139.1059453556	448.5700073242	
DSC03653.JPG	35.9902353441	139.1054879372	450.6728515625	
DSC03654.JPG	35.9900758002	139.1049638361	450.4962158203	
DSC03655.JPG	35.9898761251	139.1045176384	451.4136352539	
DSC03656.JPG	35.9896489696	139.1040854142	452.2328491211	
DSC03657.JPG	35.9894764285	139.1035765822	451.9185180664	
DSC03658.JPG	35.9892819664	139.1030836451	451.2618103027	
DSC03659.JPG	35.9890912248	139.1026362703	451.4000549316	
DSC03660.JPG	35.9889129353	139.1021630726	452.4721679688	
DSC03661.JPG	35.9887397632	139.1017002489	451.1181030273	
DSC03662.JPG	35.9885403963	139.1012562124	451.4407043457	
DSC03663.JPG	35.9883745320	139.1007789471	450.2789306641	
DSC03664.JPG	35.9881696619	139.1003331416	450.6460876465	
DSC03665.JPG	35.9880034500	139.0998607449	450.5235290527	
DSC03666.JPG	35.9878206334	139.0994151613	451.3104553223	
DSC03667.JPG	35.9876648837	139.0989893491	451.2160034180	
DSC03668.JPG	35.9874710530	139.0985575074	451.7519836426	
DSC03669.JPG	35.9873182975	139.0981189750	450.1329650879	
DSC03670.JPG	35.9867603922	139.0987864535	450.6008300781	
DSC03671.JPG	35.9869392630	139.0992296117	449.9941406250	
DSC03672.JPG	35.9871260763	139.0996708019	449.6215820312	
DSC03673.JPG	35.9872887573	139.1001032677	449.8106384277	
DSC03674.JPG	35.9874520758	139.1005420920	449.9041748047	
DSC03675.JPG	35.9876346650	139.1009524556	450.0748901367	
DSC03676.JPG	35.9877868168	139.1013697806	448.5298767090	
DSC03677.JPG	35.9879776810	139.1017639686	447.9612121582	
DSC03678.JPG	35.9881226820	139.1022167391	449.1568298340	
DSC03679.JPG	35.9882917786	139.1026606738	449.6127319336	
DSC03680.JPG	35.9884812818	139.1030547312	449.2658081055	
DSC03681.JPG	35.9886367751	139.1034954349	450.1010742188	
DSC03682.JPG	35.9888428773	139.1039729261	453.2048034668	
DSC03683.JPG	35.9890179897	139.1044373091	451.3985290527	
DSC03684.JPG	35.9892023918	139.1048925039	451.3661499023	
DSC03685.JPG	35.9893718429	139.1053505005	450.4617919922	
DSC03686.JPG	35.9895550197	139.1057833074	449.3996276855	
DSC03687.JPG	35.9897185747	139.1062404419	448.4774780273	
DSC03688.JPG	35.9899038460	139.1066737402	448.7751159668	
DSC03689.JPG	35.9900715747	139.1071144158	448.9442138672	
DSC03690.JPG	35.9902500358	139.1075666278	449.6950683594	
DSC03691.JPG	35.9904284623	139.1080074081	450.5408325195	
DSC03692.JPG	35.9905941506	139.1084442280	451.8350830078	
DSC03693.JPG	35.9907651261	139.1088723266	452.0021362305	
DSC03694.JPG	35.9909776678	139.1092980565	452.2851867676	
DSC03695.JPG	35.9911354000	139.1097840162	451.9274597168	
DSC03696.JPG	35.9913249563	139.1102673783	452.3393859863	
DSC03697.JPG	35.9915439555	139.1107621832	453.8316955566	
DSC03698.JPG	35.9917081912	139.1111952653	450.6629028320	
DSC03699.JPG	35.9909031205	139.1112844440	446.1799926758	
DSC03700.JPG	35.9906923780	139.1108592453	450.0481262207	
DSC03701.JPG	35.9905570276	139.1103991509	451.0435180664	
DSC03702.JPG	35.9903703935	139.1099521475	452.6557922363	
DSC03703.JPG	35.9901985473	139.1095111470	452.9622497559	
DSC03704.JPG	35.9899993993	139.1090571499	453.6318664551	
DSC03705.JPG	35.9898387761	139.1086214844	452.8908081055	
DSC03706.JPG	35.9896674097	139.1081826580	452.5133056641	
DSC03707.JPG	35.9894868148	139.1077303633	451.4222412109	
DSC03708.JPG	35.9893125424	139.1072799469	450.7286376953	
DSC03709.JPG	35.9891194145	139.1068316835	450.2657775879	
DSC03710.JPG	35.9889490143	139.1063645173	450.1738891602	
DSC03711.JPG	35.9887356700	139.1059211470	450.2701416016	
DSC03712.JPG	35.9885856901	139.1054520225	449.9681091309	
DSC03713.JPG	35.9883829685	139.1049873122	448.8135070801	
DSC03714.JPG	35.9882068085	139.1045225848	449.7617187500	
DSC03715.JPG	35.9880171391	139.1040540174	449.1777648926	
DSC03716.JPG	35.9878349143	139.1035677972	452.4445495605	
DSC03717.JPG	35.9876270656	139.1031027360	452.7630310059	
DSC03718.JPG	35.9874671265	139.1026239759	451.4040222168	
DSC03719.JPG	35.9872593365	139.1021618759	451.2414855957	
DSC03720.JPG	35.9870935378	139.1016790900	450.2415771484	
DSC03721.JPG	35.9868903371	139.1012476358	449.5876159668	
DSC03722.JPG	35.9867083996	139.1007945340	449.4983520508	
DSC03723.JPG	35.9865355457	139.1003204623	450.1337585449	
DSC03724.JPG	35.9863432834	139.0998723645	450.6947631836	
DSC03725.JPG	35.9861804115	139.0994239432	449.5540771484	
DSC03726.JPG	35.9859911405	139.0989751635	449.3952026367	
DSC03727.JPG	35.9858155685	139.0985166565	450.0461120605	
DSC03728.JPG	35.9856367072	139.0980474282	450.5544738770	
DSC03729.JPG	35.9851273575	139.0988452538	447.7028503418	
DSC03730.JPG	35.9853201132	139.0992757264	447.6432495117	
DSC03731.JPG	35.9854815784	139.0997040301	447.3895263672	
DSC03732.JPG	35.9856586593	139.1001454173	448.7428894043	
DSC03733.JPG	35.9858451367	139.1005757523	449.6448364258	
DSC03734.JPG	35.9859971686	139.1009972615	449.3301391602	
DSC03735.JPG	35.9861805616	139.1014251725	449.0940246582	
DSC03736.JPG	35.9863396861	139.1018600678	449.0574951172	
DSC03737.JPG	35.9865072031	139.1022623777	450.0438232422	
DSC03738.JPG	35.9866823777	139.1027213298	449.1408386230	
DSC03739.JPG	35.9868609145	139.1031426597	451.7377624512	
DSC03740.JPG	35.9870207418	139.1035752698	451.9678039551	
DSC03741.JPG	35.9871978808	139.1040122863	450.7072448730	
DSC03742.JPG	35.9873757241	139.1044395184	450.4061889648	
DSC03743.JPG	35.9875313349	139.1048618031	448.4521484375	
DSC03744.JPG	35.9877135610	139.1052851114	447.7924804688	
DSC03745.JPG	35.9878581605	139.1057124874	448.3982543945	
DSC03746.JPG	35.9880457276	139.1061275942	447.6578063965	
DSC03747.JPG	35.9882023190	139.1065369839	448.0697021484	
DSC03748.JPG	35.9883733476	139.1069787420	449.6333923340	
DSC03749.JPG	35.9885395337	139.1074060149	449.1971130371	
DSC03750.JPG	35.9887289088	139.1078118304	449.0697937012	
DSC03751.JPG	35.9888821634	139.1082593774	448.7679443359	
DSC03752.JPG	35.9890472735	139.1086959767	449.0404357910	
DSC03753.JPG	35.9892238654	139.1091107839	450.0996093750	
DSC03754.JPG	35.9893872028	139.1095299470	448.9886779785	
DSC03755.JPG	35.9895664878	139.1099606997	449.2619934082	
DSC03756.JPG	35.9897334315	139.1103863233	449.9027099609	
DSC03757.JPG	35.9890103839	139.1096346768	448.5882263184	
DSC03758.JPG	35.9888273029	139.1091896968	449.4713745117	
DSC03759.JPG	35.9886532552	139.1087634220	450.1123962402	
DSC03760.JPG	35.9884897144	139.1083297575	449.6345825195	
DSC03761.JPG	35.9883154928	139.1079094620	450.4524536133	
DSC03762.JPG	35.9881504228	139.1074625009	451.1998596191	
DSC03763.JPG	35.9879578005	139.1070071337	451.2253112793	
DSC03764.JPG	35.9877662397	139.1065524751	451.2200317383	
DSC03765.JPG	35.9876008198	139.1060851683	451.3410034180	
DSC03766.JPG	35.9874026592	139.1056261734	450.0793457031	
DSC03767.JPG	35.9872223654	139.1051538039	450.3216857910	
DSC03768.JPG	35.9870437529	139.1047081234	451.7412719727	
DSC03769.JPG	35.9868896081	139.1042489108	452.1590881348	
DSC03770.JPG	35.9866862426	139.1038349729	451.7862243652	
DSC03771.JPG	35.9865220354	139.1033692052	451.5049743652	
DSC03772.JPG	35.9863236366	139.1029179669	451.5828552246	
DSC03773.JPG	35.9861288499	139.1024317636	453.4753417969	
DSC03774.JPG	35.9859390249	139.1019561407	454.1114501953	
DSC03775.JPG	35.9857794600	139.1014587045	454.9901123047	
DSC03776.JPG	35.9855701104	139.1010048657	453.0272521973	
DSC03777.JPG	35.9853955227	139.1005497539	450.0809326172	
DSC03778.JPG	35.9852169045	139.1001056171	448.8917846680	
DSC03779.JPG	35.9850231433	139.0996420284	449.2810058594	
DSC03780.JPG	35.9857661161	139.0993656960	448.5121459961	
DSC03781.JPG	35.9859353168	139.0997989758	448.6578674316	
DSC03782.JPG	35.9861266986	139.1002364056	450.4212951660	
DSC03783.JPG	35.9862911874	139.1006542253	450.3290100098	
DSC03784.JPG	35.9864449379	139.1010930502	451.4214172363	
DSC03785.JPG	35.9866029070	139.1015074057	448.2165222168	
DSC03786.JPG	35.9867825508	139.1019137051	447.8170471191	
DSC03787.JPG	35.9869255437	139.1023515834	446.6772155762	
DSC03788.JPG	35.9871425188	139.1027575581	445.8474426270	
DSC03789.JPG	35.9872766122	139.1031884518	447.8964538574	
DSC03790.JPG	35.9874371443	139.1036084948	448.5235900879	
DSC03791.JPG	35.9876184951	139.1040305244	448.6634216309	
DSC03792.JPG	35.9877772159	139.1044545097	449.2738647461	
DSC03793.JPG	35.9879504600	139.1048628837	449.2738952637	
DSC03794.JPG	35.9881127629	139.1052831478	449.6838073730	
DSC03795.JPG	35.9882563975	139.1057275670	448.9871826172	
DSC03796.JPG	35.9884504807	139.1061388217	450.4055786133	
DSC03797.JPG	35.9886231997	139.1065468289	450.9619140625	
DSC03798.JPG	35.9887664757	139.1069762415	449.9143981934	
DSC03799.JPG	35.9889454640	139.1073976179	449.7236938477	
DSC03800.JPG	35.9891224771	139.1078076204	449.8072204590	
DSC03801.JPG	35.9892791309	139.1082400585	449.7911071777	
DSC03802.JPG	35.9894573120	139.1086804814	449.3106079102	
DSC03803.JPG	35.9896130468	139.1091019946	450.0784301758	
DSC03804.JPG	35.9898036110	139.1094754458	449.8857727051	
DSC03805.JPG	35.9899586384	139.1099316263	447.2903442383	
DSC03806.JPG	35.9901608076	139.1103311118	447.8340759277	
DSC03807.JPG	35.9902743249	139.1107851715	447.9258117676	
DSC03808.JPG	35.9904547914	139.1111711850	448.7459106445	
DSC03809.JPG	35.9906125938	139.1116102513	448.0350646973	
DSC03810.JPG	35.9912243668	139.1111411384	450.3471984863	
DSC03811.JPG	35.9910697291	139.1106935373	449.8708801270	
DSC03812.JPG	35.9908945548	139.1102408133	449.8073120117	
DSC03813.JPG	35.9907045572	139.1097747478	452.8610229492	
DSC03814.JPG	35.9905026523	139.1092747204	450.3936157227	
DSC03815.JPG	35.9902954208	139.1088183595	450.8096618652	
DSC03816.JPG	35.9901185500	139.1083363905	450.3983154297	
DSC03817.JPG	35.9899394269	139.1078755056	449.7491455078	
DSC03818.JPG	35.9897614859	139.1073948264	451.3739013672	
DSC03819.JPG	35.9895726002	139.1069494099	450.5083007812	
DSC03820.JPG	35.9893954751	139.1064966854	449.9906616211	
DSC03821.JPG	35.9892221649	139.1060522114	449.8624267578	
DSC03822.JPG	35.9890418655	139.1055924256	450.0985717773	
DSC03823.JPG	35.9888651272	139.1051393984	450.3380126953	
DSC03824.JPG	35.9886742622	139.1046888743	449.9705810547	
DSC03825.JPG	35.9884913518	139.1042075389	450.9073791504	
DSC03826.JPG	35.9882878487	139.1037438535	451.8759155273	
DSC03827.JPG	35.9881318564	139.1032749997	450.7102661133	
DSC03828.JPG	35.9879324628	139.1027846303	451.0182189941	
DSC03829.JPG	35.9877435776	139.1023125180	450.6777954102	
DSC03830.JPG	35.9875514032	139.1018326828	451.8570556641	
DSC03831.JPG	35.9873735782	139.1014022573	451.0605773926	
DSC03832.JPG	35.9872085066	139.1009571623	449.4802856445	
DSC03833.JPG	35.9870275385	139.1005193316	448.3973388672	
DSC03834.JPG	35.9868406971	139.1000582594	448.7487792969	
DSC03835.JPG	35.9866662085	139.0995952731	449.7053833008	
DSC03836.JPG	35.9865050794	139.0991402573	449.4706115723	
DSC03837.JPG	35.9862961729	139.0986967921	451.9189453125	
DSC03838.JPG	35.9861224631	139.0982275691	452.2924804688	
DSC03839.JPG	35.9859232670	139.0977856211	450.7935485840	
DSC03840.JPG	35.9867775855	139.0977633085	450.6406555176	
DSC03841.JPG	35.9869335718	139.0981721456	449.8244018555	
DSC03842.JPG	35.9871196840	139.0985864598	449.9495239258	
DSC03843.JPG	35.9872846914	139.0990421592	449.9131774902	
DSC03844.JPG	35.9874623268	139.0994931139	450.1475830078	
DSC03845.JPG	35.9876431957	139.0999524016	450.5156860352	
DSC03846.JPG	35.9878212735	139.1004150740	449.9156188965	
DSC03847.JPG	35.9880052176	139.1008580249	450.0569152832	
DSC03848.JPG	35.9881816763	139.1013217347	448.9313354492	
DSC03849.JPG	35.9883674560	139.1017695272	449.7560729980	
DSC03850.JPG	35.9885341901	139.1022039745	448.9481201172	
DSC03851.JPG	35.9887077261	139.1026265712	448.6842041016	
DSC03852.JPG	35.9888727017	139.1030510377	450.1755065918	
DSC03853.JPG	35.9890389032	139.1034659716	451.3682250977	
DSC03854.JPG	35.9892218857	139.1039057526	450.4909057617	
DSC03855.JPG	35.9893809750	139.1043321791	449.6208801270	
DSC03856.JPG	35.9895439611	139.1047573337	449.3890686035	
DSC03857.JPG	35.9897118279	139.1051890945	450.4461669922	
DSC03858.JPG	35.9898890587	139.1056219977	450.6831970215	
DSC03859.JPG	35.9900727949	139.1060594645	452.3766784668	
DSC03860.JPG	35.9902531493	139.1065509426	453.5403747559	
DSC03861.JPG	35.9904392116	139.1070532373	452.6296386719	
DSC03862.JPG	35.9906533456	139.1075022688	454.5154724121	
DSC03863.JPG	35.9908295915	139.1079231648	451.5001220703	
DSC03864.JPG	35.9909920790	139.1083906297	449.0574035645	
DSC03865.JPG	35.9911839820	139.1088630506	449.7579345703	
DSC03866.JPG	35.9913722510	139.1093380300	451.2735290527	
DSC03867.JPG	35.9915651001	139.1098138723	451.8644714355	
DSC03868.JPG	35.9917034561	139.1102817718	450.7609558105	
DSC03869.JPG	35.9919332224	139.1107108241	450.9095458984	
DSC03870.JPG	35.9920931915	139.1111881779	451.7204589844	
